**************************************************
(Acquired by the inbuilt function) Foundatmental matrix
[[ 1.80515231e-08 -1.43311201e-05  1.28878394e-02]
 [ 1.37607540e-05  5.50936188e-07  1.09645796e-01]
 [-1.22679208e-02 -1.11545915e-01  1.00000000e+00]]
**************************************************
Estimated foundatmental matrix
[[-4.38711369e-10 -6.63513144e-06  9.46472593e-03]
 [ 6.47300332e-06  8.58355679e-08  8.36690211e-02]
 [-9.24027037e-03 -8.45036971e-02  1.00000000e+00]]
**************************************************
Essential matrix
[[ 3.77996085e-04 -3.79488997e-01  2.92939638e-02]
 [ 3.74479746e-01  2.90508530e-03  9.26797951e-01]
 [-2.70200955e-02 -9.24768542e-01  2.21803696e-03]]
**************************************************
Rotation vector
[array([[ 0.71417613, -0.05316516, -0.69794407],
       [-0.0510913 , -0.99841099,  0.02377339],
       [-0.69809895,  0.01868048, -0.71575757]]), array([[ 0.71417613, -0.05316516, -0.69794407],
       [-0.0510913 , -0.99841099,  0.02377339],
       [-0.69809895,  0.01868048, -0.71575757]]), array([[ 0.99998394,  0.0014196 ,  0.00548689],
       [-0.00140553,  0.99999572, -0.00256661],
       [-0.00549051,  0.00255886,  0.99998165]]), array([[ 0.99998394,  0.0014196 ,  0.00548689],
       [-0.00140553,  0.99999572, -0.00256661],
       [-0.00549051,  0.00255886,  0.99998165]])]
**************************************************
Translation vector
[array([[ 0.9247323 ],
       [-0.02832029],
       [-0.37956309]]), array([[-0.9247323 ],
       [ 0.02832029],
       [ 0.37956309]]), array([[ 0.9247323 ],
       [-0.02832029],
       [-0.37956309]]), array([[-0.9247323 ],
       [ 0.02832029],
       [ 0.37956309]])]
**************************************************
Homography matrix (H1)
[array([[ 0.71417613, -0.05316516, -0.69794407,  0.9247323 ],
       [-0.0510913 , -0.99841099,  0.02377339, -0.02832029],
       [-0.69809895,  0.01868048, -0.71575757, -0.37956309],
       [ 0.        ,  0.        ,  0.        ,  1.        ]]), array([[ 0.71417613, -0.05316516, -0.69794407, -0.9247323 ],
       [-0.0510913 , -0.99841099,  0.02377339,  0.02832029],
       [-0.69809895,  0.01868048, -0.71575757,  0.37956309],
       [ 0.        ,  0.        ,  0.        ,  1.        ]]), array([[ 0.99998394,  0.0014196 ,  0.00548689,  0.9247323 ],
       [-0.00140553,  0.99999572, -0.00256661, -0.02832029],
       [-0.00549051,  0.00255886,  0.99998165, -0.37956309],
       [ 0.        ,  0.        ,  0.        ,  1.        ]]), array([[ 0.99998394,  0.0014196 ,  0.00548689, -0.9247323 ],
       [-0.00140553,  0.99999572, -0.00256661,  0.02832029],
       [-0.00549051,  0.00255886,  0.99998165,  0.37956309],
       [ 0.        ,  0.        ,  0.        ,  1.        ]])]
**************************************************
Homography matrix img1
[[-9.09836997e-02 -2.16132691e-03  2.42621999e+01]
 [-8.32333880e-03 -8.48063248e-02  1.33014121e+01]
 [-5.82951563e-06  9.89021911e-08 -7.56028999e-02]]
**************************************************
Homography matrix img2
[[ 1.10371982e+00 -3.25461646e-02 -1.20698794e+02]
 [ 1.00412414e-01  9.97473736e-01 -1.46063898e+02]
 [ 7.03745240e-05 -2.07518322e-06  8.97937489e-01]]
**************************************************
