**************************************************
(Acquired by the inbuilt function) Foundatmental matrix
[[ 1.64055222e-09 -1.31243163e-06  1.99171416e-03]
 [ 1.14227165e-06  5.89004727e-07  1.04494528e-01]
 [-1.60436238e-03 -1.06199985e-01  1.00000000e+00]]
**************************************************
Estimated foundatmental matrix
[[ 1.36103294e-09 -4.62231268e-06  6.16824503e-03]
 [ 4.62447211e-06  1.64164486e-07  7.54687110e-01]
 [-5.95209342e-03 -7.56087496e-01  1.00000000e+00]]
**************************************************
Essential matrix
[[ 8.25235459e-06 -2.66566892e-02  2.10760102e-03]
 [ 2.67048830e-02  4.88364602e-04  9.99641047e-01]
 [-1.78904675e-03 -9.99642904e-01  4.80296462e-04]]
**************************************************
Rotation vector
[array([[ 9.99999952e-01,  3.05835538e-04, -4.73482921e-05],
       [-3.05858248e-04,  9.99999838e-01, -4.80369044e-04],
       [ 4.72013705e-05,  4.80383503e-04,  9.99999884e-01]]), array([[ 9.99999952e-01,  3.05835538e-04, -4.73482921e-05],
       [-3.05858248e-04,  9.99999838e-01, -4.80369044e-04],
       [ 4.72013705e-05,  4.80383503e-04,  9.99999884e-01]]), array([[ 9.98568675e-01, -3.90829720e-03, -5.33415979e-02],
       [-3.88223234e-03, -9.99992289e-01,  5.92247986e-04],
       [-5.33435013e-02, -3.84315810e-04, -9.98576148e-01]]), array([[ 9.98568675e-01, -3.90829720e-03, -5.33415979e-02],
       [-3.88223234e-03, -9.99992289e-01,  5.92247986e-04],
       [-5.33435013e-02, -3.84315810e-04, -9.98576148e-01]])]
**************************************************
Translation vector
[array([[-0.99964243],
       [ 0.0020948 ],
       [ 0.0266577 ]]), array([[ 0.99964243],
       [-0.0020948 ],
       [-0.0266577 ]]), array([[-0.99964243],
       [ 0.0020948 ],
       [ 0.0266577 ]]), array([[ 0.99964243],
       [-0.0020948 ],
       [-0.0266577 ]])]
**************************************************
Homography matrix (H1)
[array([[ 9.99999952e-01,  3.05835538e-04, -4.73482921e-05,
        -9.99642426e-01],
       [-3.05858248e-04,  9.99999838e-01, -4.80369044e-04,
         2.09479573e-03],
       [ 4.72013705e-05,  4.80383503e-04,  9.99999884e-01,
         2.66576998e-02],
       [ 0.00000000e+00,  0.00000000e+00,  0.00000000e+00,
         1.00000000e+00]]), array([[ 9.99999952e-01,  3.05835538e-04, -4.73482921e-05,
         9.99642426e-01],
       [-3.05858248e-04,  9.99999838e-01, -4.80369044e-04,
        -2.09479573e-03],
       [ 4.72013705e-05,  4.80383503e-04,  9.99999884e-01,
        -2.66576998e-02],
       [ 0.00000000e+00,  0.00000000e+00,  0.00000000e+00,
         1.00000000e+00]]), array([[ 9.98568675e-01, -3.90829720e-03, -5.33415979e-02,
        -9.99642426e-01],
       [-3.88223234e-03, -9.99992289e-01,  5.92247986e-04,
         2.09479573e-03],
       [-5.33435013e-02, -3.84315810e-04, -9.98576148e-01,
         2.66576998e-02],
       [ 0.00000000e+00,  0.00000000e+00,  0.00000000e+00,
         1.00000000e+00]]), array([[ 9.98568675e-01, -3.90829720e-03, -5.33415979e-02,
         9.99642426e-01],
       [-3.88223234e-03, -9.99992289e-01,  5.92247986e-04,
        -2.09479573e-03],
       [-5.33435013e-02, -3.84315810e-04, -9.98576148e-01,
        -2.66576998e-02],
       [ 0.00000000e+00,  0.00000000e+00,  0.00000000e+00,
         1.00000000e+00]])]
**************************************************
Homography matrix img1
[[-8.09802366e-01  9.93158842e-02  1.57865314e+02]
 [-5.89837095e-03 -7.56099637e-01  9.78526892e+00]
 [-4.58424032e-06 -1.53147541e-07 -7.48133849e-01]]
**************************************************
Homography matrix img2
[[ 1.00872684e+00 -2.11089647e-03 -1.04768674e+01]
 [ 8.09384015e-03  9.99985252e-01 -1.16405294e+01]
 [ 6.06182864e-06 -1.26851910e-08  9.91283525e-01]]
**************************************************
