**************************************************
(Acquired by the inbuilt function) Foundatmental matrix
[[-3.18298542e-09 -3.73056705e-06  5.93052795e-03]
 [ 3.80480055e-06 -1.10611314e-08  3.55075609e-02]
 [-6.07401547e-03 -3.60877589e-02  1.00000000e+00]]
**************************************************
Estimated foundatmental matrix
[[ 1.38760415e-09 -3.77355041e-06  5.53407938e-03]
 [ 3.89444993e-06  5.14300500e-08  2.21834125e-02]
 [-5.70341253e-03 -2.29424161e-02  1.00000000e+00]]
**************************************************
Essential matrix
[[ 0.001819   -0.58516049  0.05613579]
 [ 0.60399244  0.00349982  0.79515063]
 [-0.05320812 -0.80901181  0.00422192]]
**************************************************
Rotation vector
[array([[ 9.99729847e-01,  8.79553499e-04, -2.32262738e-02],
       [-9.65011157e-04,  9.99992806e-01, -3.66840096e-03],
       [ 2.32228802e-02,  3.68982354e-03,  9.99723503e-01]]), array([[ 9.99729847e-01,  8.79553499e-04, -2.32262738e-02],
       [-9.65011157e-04,  9.99992806e-01, -3.66840096e-03],
       [ 2.32228802e-02,  3.68982354e-03,  9.99723503e-01]]), array([[ 0.2868722 , -0.09059651, -0.95367532],
       [-0.08492301, -0.99400369,  0.06888215],
       [-0.95419727,  0.06122861, -0.29284575]]), array([[ 0.2868722 , -0.09059651, -0.95367532],
       [-0.08492301, -0.99400369,  0.06888215],
       [-0.95419727,  0.06122861, -0.29284575]])]
**************************************************
Translation vector
[array([[-0.80897013],
       [ 0.05400337],
       [ 0.58536396]]), array([[ 0.80897013],
       [-0.05400337],
       [-0.58536396]]), array([[-0.80897013],
       [ 0.05400337],
       [ 0.58536396]]), array([[ 0.80897013],
       [-0.05400337],
       [-0.58536396]])]
**************************************************
Homography matrix (H1)
[array([[ 9.99729847e-01,  8.79553499e-04, -2.32262738e-02,
        -8.08970130e-01],
       [-9.65011157e-04,  9.99992806e-01, -3.66840096e-03,
         5.40033703e-02],
       [ 2.32228802e-02,  3.68982354e-03,  9.99723503e-01,
         5.85363960e-01],
       [ 0.00000000e+00,  0.00000000e+00,  0.00000000e+00,
         1.00000000e+00]]), array([[ 9.99729847e-01,  8.79553499e-04, -2.32262738e-02,
         8.08970130e-01],
       [-9.65011157e-04,  9.99992806e-01, -3.66840096e-03,
        -5.40033703e-02],
       [ 2.32228802e-02,  3.68982354e-03,  9.99723503e-01,
        -5.85363960e-01],
       [ 0.00000000e+00,  0.00000000e+00,  0.00000000e+00,
         1.00000000e+00]]), array([[ 0.2868722 , -0.09059651, -0.95367532, -0.80897013],
       [-0.08492301, -0.99400369,  0.06888215,  0.05400337],
       [-0.95419727,  0.06122861, -0.29284575,  0.58536396],
       [ 0.        ,  0.        ,  0.        ,  1.        ]]), array([[ 0.2868722 , -0.09059651, -0.95367532,  0.80897013],
       [-0.08492301, -0.99400369,  0.06888215, -0.05400337],
       [-0.95419727,  0.06122861, -0.29284575, -0.58536396],
       [ 0.        ,  0.        ,  0.        ,  1.        ]])]
**************************************************
Homography matrix img1
[[-2.88218104e-02  1.30126471e-03  9.79740573e+00]
 [-4.69102078e-03 -2.33544590e-02  7.38973839e+00]
 [-3.20246167e-06  1.47760848e-07 -1.85200573e-02]]
**************************************************
Homography matrix img2
[[ 1.19517150e+00 -7.32020486e-02 -2.18091360e+02]
 [ 1.93549976e-01  9.90019334e-01 -2.79143075e+02]
 [ 1.31888825e-04 -8.07794714e-06  8.11068354e-01]]
**************************************************
